         1 	          60 	          64 	          63 	          61 	          62	         59
         2 	         239 	         240 	         241 	         242 	         243			 244
         3 	         203 	         204 	         205 	         206 	         207			 208
         4 	          77 	          82 	          81 	          80 	          79			 78
         5 	         116 	         115 	         114 	         117 	         113 	         118
         6 	          95 	         100 	          99 	          98 	          97 	          96
         7 	         122 	         124 	         123 	         121 	         120 	         119
         8 	         112 	         111 	         110 	         109 	         108 	         107
         9 	          90 	          89 	          91 	          92 	          93 	          94
        10 	          70 	          66 	          69 	          68 	          67 	          65
        11 	          41 	          43 	          44 	          45 	          42 	          46
        12 	          21 	          17 	          22 	          20 	          19 	          18
        13 	         257 	         261 	         259 	         258 	         262 	         260
        14 	         263 	         264 	         266 	         268 	         267 	         265
        15 	         162 	         166 	         161 	         165 	         164 	         163
        16 	         143 	         144 	         148 	         146 	         147 	         145
        17 	         215 	         216 	         217 	         220 	         218 	         219
        18 	         201 	         199 	         200 	         198 	         202 	         197
        19 	         234 	         235 	         236 	         233 	         238 	         237
        20 	         227 	         229 	         230 	         231 	         228 	         232
        21 	         191 	         192 	         193 	         194 	         195 	         196
        22 	           0 	           1 	           2 	           3 	           4 	           5
        23 	          75 	          76 	          72 	          73 	          74 	          71
        24 	          34 	          33 	          29 	          30 	          31 	          32
        25 	         102 	         106 	         105 	         104 	         103 	         101
        26 	          53 	          54 	          56 	          58 	          57 	          55
        27 	          39 	          37 	          38 	          36 	          35 	          40
        28 	         251 	         255 	         256 	         254 	         253 	         252
        29 	         160 	         159 	         158 	         157 	         156 	         155
        30 	         190 	         189 	         186 	         185 	         188 	         187
        31 	         248 	         247 	         246 	         245 	         249 	         250
        32 	         153 	         154 	         149 	         152 	         151 	         150
        33 	         177 	         176 	         175 	         178 	         174 	         173
        34 	         170 	         169 	         167 	         168 	         172 	         171
        35 	         137 	         142 	         138 	         139 	         140 	         141
        36 	           0 	          16 	          13 	          15 	          12 	          14
        37 	          48 	          50 	          49 	          51 	          47 	          52
        38 	         129 	         125 	         130 	         128 	         126 	         127
        39 	          27 	          26 	          25 	          23 	          24 	          28
        40 	          83 	          88 	          87 	          86 	          85 	          84
        41 	          11 	          10 	           9 	           8 	           7 	           6
        42 	         269 	         270 	         271 	         272 	         273 	         274
        43 	         133 	         134 	         135 	         136 	         131 	         132
        44 	         214 	         212 	         213 	         209 	         210 	         211
        45 	         181 	         182 	         184 	         183 	         180 	         179
        46 	         225 	         226 	         223 	         224 	         222 	         221